Gene	33	34	35	36	37	41	42	43	46	47	48	50	53	54	59	60	61	63	64	65	66	67	70	71	86	87	88	89	92	94	95	96	97	99	100	115	117	118	121	123	125	127	128	129	76	104	105	106	107
CTAG1B	7.1157196	6.9309373	7.4066643	6.8204833	6.7750398	7.0136253	7.7219356	7.7868787	8.3524113	6.9121423	6.9122162	6.9804663	8.278892	7.3445398	7.4499553	6.4859457	6.8526327	8.8471782	6.6583956	8.3071115	7.7253729	7.1102076	8.8153943	8.84332	7.2745918	8.430531	8.3232593	6.8672146	7.2825026	6.7125861	7.3865921	7.3473901	6.7106943	6.8397795	7.4311617	7.0683513	7.197607	7.0352109	8.4775234	8.551131	8.7955654	8.188746	6.7346097	7.4680056	9.9313456	9.8689867	9.1997255	9.7277442	9.148492
MAGEA1	3.2966758	3.2782117	3.5714738	3.9475768	3.1210277	3.2493198	3.3105211	3.3689109	3.3048834	3.3861763	3.3018662	3.5287049	3.9929188	3.579478	2.9636453	3.432994	3.4470068	3.7345062	2.9417785	3.1284844	3.4981289	3.8681283	3.3471552	3.817134	3.9618421	3.7709388	2.7898265	4.5340264	2.9854912	3.7178763	3.8044439	3.7321158	3.2718609	3.3749457	3.9250723	2.9273239	3.3498445	3.4985852	4.1003935	2.9094374	3.5260916	3.537408	3.2387424	2.9913477	4.0255136	4.1240521	3.7067087	2.1617586	3.9214441
AFP	3.7429575	3.6551582	3.017724	2.9701629	3.4123377	3.4595895	3.4934687	3.7934763	3.8042153	3.8155698	3.36541	5.6416933	3.8124944	3.3763753	4.2770475	3.6099371	3.1339648	2.9579941	3.3025855	3.1547371	2.5132786	3.2121375	3.5531958	4.0017846	4.0715119	3.2598274	5.2641522	3.9855216	3.9060132	4.2075074	4.0552142	2.5003274	4.6608141	3.2820632	3.3318458	3.4878097	3.3043295	3.2397168	5.6451038	2.7947808	2.611858	2.7755338	4.3159549	3.0884714	4.2082788	3.4932908	3.5305962	4.0782948	4.5780838
WT1	3.6823776	4.1510378	3.8940821	3.0320058	3.6153127	2.7629389	3.6448959	3.354089	4.1206647	3.2870959	3.6767869	2.9870225	3.9334301	3.440304	3.962016	3.6411172	2.5592322	3.5216824	2.7457958	3.0209547	3.6364984	2.6638947	3.2573832	4.0478007	3.2335957	3.4211298	2.7511951	2.0144911	3.0289257	2.0704978	4.1933882	2.8407823	3.2955609	2.9520282	3.1309466	3.4904485	3.3104332	3.1286881	3.890005	3.343482	3.215712	3.2221914	2.8245934	3.3306235	3.3774278	4.6226483	4.2510075	2.9917904	2.0055329
CEACAM5	3.1744648	3.0298643	5.3444297	3.0955079	3.5279766	3.8506642	3.2602209	3.3708473	2.7888869	3.3918905	3.2055315	4.6718017	3.0593295	5.4898215	4.5432525	3.0949095	4.9155006	3.5744625	3.8859624	3.3829695	3.5900519	4.0891732	4.2376179	3.4491218	4.0884025	3.7307715	4.7837972	3.1102948	3.5015909	4.7270219	5.1514002	5.4728671	3.5735645	3.8697519	3.5900525	3.3864184	3.4550482	3.2364003	4.3077671	3.4292586	3.1143118	3.5560515	3.9646709	3.1329206	2.629505	2.633879	2.875085	3.1598231	3.1861087
BIRC5	3.6190128	3.9014401	3.4219259	3.1723957	3.3915512	2.8517614	3.153793	3.3709617	2.9787807	3.5117076	3.253044	3.0056047	4.5746612	2.7611389	2.6793488	3.1579318	3.3902382	3.2372783	3.4010572	4.7418523	3.2817945	3.6588556	3.5146903	3.4077872	3.2123046	3.6974136	2.8777272	4.3823611	2.6880353	2.6342223	3.183384	2.8628119	3.0342376	3.0779315	2.9957154	3.6215484	2.9686594	3.0576682	3.0742299	2.8766387	2.4200955	3.7962904	3.5553045	2.9350659	2.7248249	3.6566657	4.7929186	3.2856539	3.8677767
MAGEC1	5.008106	5.4332001	3.6266191	3.3004462	3.3776458	3.1461547	4.0060899	3.5245341	4.3721182	3.2332183	3.548349	3.4328103	2.4664853	4.873063	2.8339293	3.9470619	2.8929837	3.1759558	2.4594416	3.6470838	2.0459915	3.7989759	3.6894138	3.1110879	2.7297852	2.8480824	4.0063163	3.8528381	3.9363755	2.8721352	3.8703804	3.211773	4.1707105	2.9457527	3.3909717	3.5212166	3.236677	3.2362296	4.1285282	3.5839613	3.406596	4.2316438	3.4639738	3.1957689	4.2499735	3.2946831	4.773103	3.5449307	4.1711036
MLANA	3.14392	3.7901772	3.7150419	4.4252292	4.1758632	3.5451708	3.3451725	4.091585	4.4075664	3.5571598	4.2954837	4.2458861	3.1877505	3.6648949	3.9348169	3.5729389	3.4203833	4.2794907	3.7170144	3.96916	4.35748	3.9248517	3.5078939	4.179107	4.0601829	4.0467701	3.5667392	4.2669816	3.9272544	2.5906443	4.5128631	3.6706739	4.0774432	3.4913063	3.8622235	3.853693	3.711858	3.87571	4.3084087	3.9473034	4.37279	3.704303	4.2876863	4.2131501	4.4403739	4.4973459	4.0205585	3.0779369	4.5872331
ACPP	4.3532526	4.1310941	4.3853848	4.3392687	4.0811394	4.1915621	4.8137976	5.3650748	4.0670903	4.5629266	4.1671212	4.856205	4.0546073	4.4295105	5.0987448	4.7897862	3.4374288	4.5354082	3.8459922	4.6738945	3.9982412	3.9601547	4.8941573	4.6887454	4.5559416	4.5492153	4.1545889	3.9150013	5.5246688	4.4570384	3.5950947	4.4828702	4.1526561	4.7540401	4.5614025	4.3371871	4.1319262	4.881016	4.0492259	5.0272523	4.4773178	4.5005777	4.6776963	4.6443494	2.1121437	4.3995368	4.4337623	4.8030339	4.6394032
ROPN1	3.4109426	4.2611165	3.8747399	3.7793348	3.6532508	4.1244411	3.661911	3.8930319	4.0832537	3.3455354	4.0304702	3.7248358	3.5054712	3.4666528	3.9500487	3.7114914	3.1182014	3.2253191	4.2545106	3.683501	5.1158234	3.6799484	3.5233785	3.8920262	3.2803662	3.5397178	4.9986495	3.9861469	4.1784105	4.8871562	3.7242294	3.2863144	3.6915546	3.3444533	3.6634829	3.4626665	3.6275762	3.8322152	5.5158761	3.4654007	3.9089954	4.8089754	3.539072	3.6904008	4.7164923	4.2339518	4.1274884	4.3388209	1.1089816
TYR	3.7088719	3.2506874	3.8657808	4.4513844	3.7951326	3.5164754	3.9744399	3.8199301	4.2633918	3.7023858	5.1046694	3.4072762	4.8979419	4.3247295	4.1688106	3.56641	3.3428447	4.314429	4.3151563	4.4948222	5.054361	2.95515	3.989807	4.522302	3.8660194	4.037602	3.7953074	4.5353097	3.9741305	4.2835006	3.8884138	3.5897959	3.7734934	3.9224884	3.6435267	3.7776553	3.9389084	3.8714007	5.266176	3.9205545	3.7581685	4.1696441	4.4190377	4.1532831	5.1960177	4.4581903	4.3940342	4.0750556	3.4536885
TYRP1	5.9196574	5.792832	6.4150104	6.5674495	5.1413653	5.8395784	4.2241474	4.3212998	5.5193087	3.9758578	5.7497948	6.2841973	5.9281358	6.4218616	5.5315305	4.4821393	5.1457831	4.1844877	5.4633767	4.4185037	5.8669273	5.5331683	5.099841	4.839321	6.3425019	4.7894187	4.2542641	5.3537216	4.8469923	5.3443607	5.1901832	5.2952599	4.8969936	4.9219206	5.9893661	5.3892264	5.4459197	5.6250276	5.5520238	5.0157277	4.8641991	5.5353538	5.3990784	5.2583705	6.0404845	5.2751535	5.8207961	5.5330333	5.2077241
GPC3	3.7789546	4.0959845	3.877875	3.6142992	3.7611321	5.4809492	4.3256434	3.7634799	4.4148365	3.8971899	3.346705	3.9884067	4.5204913	3.5959532	3.939832	3.0504472	3.7447435	4.8611064	3.9978855	5.0528394	6.1494192	3.9855249	4.7893679	4.8182723	3.5082145	4.7063369	4.5207947	8.6952806	4.1144689	2.7461218	4.467122	3.977156	3.918712	4.1663768	4.1689704	3.5675431	5.1876676	4.385754	5.6053891	4.1712784	3.8642389	4.0455006	6.3026386	3.6969284	4.7274685	5.5056933	5.2663749	5.0630852	3.9692088
FGF5	3.6193945	3.3730549	3.3591462	3.3721855	3.5238284	3.6949666	2.1293732	3.1061071	3.7167638	3.1694417	3.1352096	4.4965755	3.0314539	3.5076924	4.4813339	3.7730944	3.0224664	3.0938756	3.1475343	3.6456234	3.4127564	3.5390357	4.2752038	3.487045	3.6790489	3.7201078	3.9209237	2.954501	3.5678969	1.6295786	3.6597695	3.7680382	2.8776356	3.1027145	4.1879532	3.5470362	3.2418844	3.2984102	3.3290977	4.0036814	3.6272725	3.0879133	3.9744292	3.7488777	2.8605619	3.8256757	4.433044	4.1680227	2.7525911
TERT	9.1748235	3.9605801	3.9625742	4.2210653	5.9283474	3.2655357	4.2495657	3.3602466	5.1598657	3.2504229	4.022372	3.7807411	4.8252134	4.1035693	3.5941937	4.1529891	3.407166	5.0464541	3.9853138	4.2129794	4.6713037	4.3652396	3.3318896	4.265941	3.8148759	3.4569496	3.9978697	3.7822636	3.5996504	4.0042146	4.9089952	4.4658721	4.2734314	4.7621917	4.308062	4.7407152	4.0655757	3.6141519	2.6738071	3.7112257	4.0615124	4.0099254	6.4604469	3.58147	4.7775188	3.6557094	4.8883845	3.7147398	3.2724133
DIDO1	4.1658429	5.2599708	4.799744	4.7744612	4.4754353	4.9907593	3.9440144	5.3193312	3.9393514	4.8505965	4.9444187	4.5027067	5.1852984	4.6052282	4.6248438	4.2507919	4.8785095	4.5728444	4.1359438	4.2669268	4.2336958	4.6830145	3.9072361	4.9097903	4.3981045	4.7485707	4.9752287	3.4995374	5.6850469	4.4992518	4.9232141	4.1911156	5.2709726	4.6736088	3.9654599	4.741801	4.96355	4.9271975	4.4057079	4.7745219	4.7866533	4.983642	4.4834421	4.652724	4.6190638	4.1543555	3.8165054	2.8880322	3.9880474
ADAM17	5.7361327	6.0230557	5.4794918	5.1695123	6.3705982	6.0290238	5.8180021	5.3881026	5.3082777	5.7164436	5.696679	5.8507047	5.1449441	5.7009381	4.8798133	5.6797281	5.5752802	5.7481377	5.501861	5.692658	5.0795874	5.1828613	5.6604596	4.9409303	6.4993734	5.6795806	4.4455897	5.4110414	5.7023356	5.3412637	5.1834566	5.4731963	5.5521122	5.8476523	5.1934272	6.5177578	5.4135664	5.7792618	5.9803372	5.7344617	5.2858303	5.1936585	5.2433519	5.587772	4.3063319	5.4356824	4.1668519	5.0199397	5.2300658
EPCAM	9.4302724	9.1130414	8.5940358	8.9775742	9.7233313	8.4684958	8.4877748	8.59572	8.4974394	9.6300694	9.9047468	8.7536192	8.8634833	8.8341858	8.6524554	8.9981267	8.7095834	9.0285504	8.7122895	9.44788	7.7475417	8.735775	9.1454085	8.5886553	8.1409623	8.1489676	8.3500566	8.5052638	8.5829153	8.1808818	9.1120419	8.5832028	9.622864	9.1651429	7.6585465	8.878581	9.1057558	8.6545856	8.0257961	8.6344607	7.7750576	8.0347952	9.2015977	9.1292802	7.8576732	8.7741109	8.5074306	8.6315757	8.7429249
FOLR1	2.4874826	3.2651901	3.3289811	3.3835436	2.992105	3.2071506	3.6684109	3.6392473	3.0324459	3.9761339	3.0422713	3.8172817	2.6687984	2.9907505	2.5783063	3.4552911	3.2098848	3.6174305	2.369869	3.3105006	3.6989484	3.5176994	4.1846152	4.4422509	3.923361	3.6091489	4.6084767	2.8086918	3.1672168	4.9334804	3.2239833	3.1586733	3.4883323	4.1852103	2.8851718	3.1393963	3.2386679	3.5329254	3.8453006	4.7063044	3.8227725	3.1054502	4.1068623	3.4095397	4.6918025	4.4124037	3.6308471	2.8584182	3.2892139
KLK3	3.1096226	3.552318	3.5278059	3.1913483	4.2617898	4.152077	3.186543	4.0662446	4.0331212	3.6275572	2.7947632	3.3543499	2.8429894	2.867825	3.1292162	2.7296845	4.6404941	4.2736573	3.6211437	3.4956479	4.5785474	3.2310701	3.6650837	3.8846377	3.7195161	3.8183095	3.4110496	3.8106093	4.0731667	3.8055308	3.2143035	3.5262401	4.1817679	3.486427	2.9704604	3.7740983	3.4763261	3.1294613	3.603127	3.7011386	4.4494957	2.8728688	5.6342281	3.8745805	4.6011012	3.6066972	3.5293014	4.294916	3.5722904
PSCA	3.0907519	3.5840274	3.8038785	3.881508	3.3404695	3.6700239	4.0536612	3.8759194	5.2679262	3.6805141	3.9178925	4.1222847	4.5829038	3.9453431	1.6681983	3.8079817	4.1881146	4.193273	3.5527666	3.6002305	4.8049958	5.617705	3.7094178	4.0909493	4.1609261	3.3592098	4.0161731	3.7118035	3.0101694	3.55589	4.1230462	3.501989	4.2795555	4.1867484	3.6116899	3.3682386	3.309577	3.8160921	4.4093773	3.699045	3.2069884	3.8996332	4.5415618	6.1326294	4.7912651	4.5295987	3.334999	5.103754	5.0639133
STEAP1	6.4758394	7.0155986	4.6735001	8.1064102	5.8723858	6.7633029	5.6930691	5.0510064	4.4740442	3.8050934	5.793228	5.9511869	6.705855	5.2194002	5.6800143	4.0895907	3.254277	6.4688935	4.2350164	5.2138616	7.3204635	7.1220985	6.1881423	5.3165573	5.4821731	6.1731751	6.1442586	7.8543774	4.0949413	3.234801	6.316028	5.2677719	3.9197066	5.9122084	3.8372398	6.6918367	5.7864764	5.0595222	5.300221	6.2409657	5.0404444	4.1801568	5.8104731	6.3949259	5.5818813	5.5693664	5.0805538	5.7764289	5.5019267
KDR	6.9372659	7.693814	6.9321865	5.9973837	7.1444696	7.7048783	7.1865454	6.9445327	6.8884999	6.1082357	6.0607948	7.468277	5.3035778	6.2106148	5.9043733	5.7669264	7.6504805	7.990541	7.1442004	6.9525867	6.2792354	6.7715969	7.2786032	6.1093349	8.7122834	5.8285412	5.7261885	7.4950152	7.1241798	7.2310354	6.0796902	5.7778173	7.4277583	7.665971	7.0595551	8.2471263	6.5667618	7.3924941	5.4536453	6.8442425	7.7026688	7.4962498	6.4949838	6.0475135	5.7251536	5.4623923	5.1914835	5.2292205	5.0218522
MAGEA6	3.139752	2.7067931	2.8018759	3.5525865	2.2794603	2.6626321	2.2773249	3.3584439	4.0487818	3.5922264	3.1946594	2.5571247	3.4336297	2.8523844	1.6691429	2.4242536	1.8747324	3.1700906	2.7695284	3.6205589	1.8373342	2.1235972	3.1334999	1.8502896	2.0200053	2.2354341	3.0886878	4.0811259	2.8789078	2.7779787	2.4651325	3.0176755	2.64443	2.1558802	3.5016115	2.6743308	2.5698787	3.4097837	4.0688079	3.2256486	3.0892102	2.6738487	3.0197805	3.1696598	3.9597833	2.0516688	2.8364105	3.3298476	3.0075285
EPHA2	3.0391385	3.0801665	3.5156046	2.713835	3.7576325	3.2047085	3.5157696	4.4390677	3.2376459	3.3793508	3.0831332	3.3497939	2.7510242	3.450219	4.7077827	2.8520531	3.5933727	3.4821427	3.657925	3.5707178	2.1695684	1.790701	3.5555382	3.8366037	3.8787484	2.7942644	4.1271523	2.991906	3.1905095	3.3955838	2.8513313	3.3001399	3.4229897	3.5767991	3.674027	3.4335037	3.4532998	3.0110688	4.5711855	3.5013879	3.1458852	4.1053932	3.4665724	2.9323132	2.9650653	4.8454201	5.2383465	2.3706759	3.5116833
TTK	2.9325811	4.1508796	3.1796021	3.7557812	3.3567928	4.0431695	3.357311	3.0494839	3.418079	4.2793064	3.3940845	3.6247354	5.0198049	3.7796224	4.0388685	3.7254713	3.7020335	3.1759558	2.9478453	3.262698	4.3609826	3.2015515	2.9675434	3.7179517	3.5450125	3.5370909	3.6194439	2.1086765	3.820774	3.3190069	2.8333683	3.5692494	3.1737471	3.2576113	3.7700718	3.8657908	3.5455367	3.6439747	4.9895168	3.2278571	3.8582631	3.5811301	2.9515747	2.9350659	3.4386933	3.8597685	4.6009332	4.5043529	2.9266612
LY6K	3.6617316	3.7740785	3.2765651	8.8513511	3.24494	4.3120512	6.9294773	6.8572025	4.1249958	3.1869805	3.0747052	3.8039338	3.2164419	3.0923007	3.0790672	3.9786026	3.4854615	3.889816	3.8756453	3.8488625	4.3719575	4.5572326	3.7698697	3.940191	4.126123	3.0426192	4.3365043	3.7050219	3.5330786	4.0719825	4.2966294	3.3548644	3.422441	4.5755185	2.9511501	3.535053	3.4728395	3.8285287	4.9389943	3.9131404	4.3148493	3.6395393	4.911958	4.249697	2.5778814	4.6771647	3.782839	4.0319626	4.3401913
IMP3	6.6473129	6.9756869	6.6909984	7.0950278	6.9081871	6.402196	6.987952	7.5136728	6.754267	6.9753998	6.871797	7.1819406	6.5101148	7.0479602	6.7137524	6.8429423	6.5344495	6.7680673	6.1592933	6.3585706	6.0725866	6.7543285	6.4309913	7.1385217	7.0565988	6.6701101	7.1215105	6.4143391	6.9323965	6.3849971	6.4150449	6.6979955	6.833036	6.5464231	6.7982452	6.6015748	6.8364381	6.5120502	6.0555113	6.8076481	6.7749504	6.9444419	6.911839	6.6573644	6.1229051	6.7729172	6.7375584	6.1841228	6.4181638
DEPDC1	3.6959205	3.7234812	3.4839098	4.1759608	3.608417	4.0925074	3.6581556	3.5180349	3.5884508	3.5273773	3.6042036	3.8499676	2.8617577	3.6459505	3.5613458	4.2922019	4.3053121	4.9082867	4.0756324	3.6182488	3.9023827	4.1134571	4.544938	3.7011942	4.4229521	3.8993587	4.3634286	5.2757699	3.9561944	3.0824892	3.9145137	4.0700891	4.0956218	3.9816556	3.6938692	4.0659057	3.7272182	3.6470074	4.5626541	4.3081836	3.9730715	3.777158	4.1535358	4.0521357	5.0036843	4.4675597	4.0129329	3.7089901	4.5118936
RNF43	5.169935	5.1726884	4.1224798	3.8644954	5.1569457	3.9406903	3.9663533	3.9283017	4.4916851	4.0586347	4.5400198	3.97116	3.9662496	5.5513341	4.3948943	3.9466797	3.624511	4.575169	5.2275737	4.3244152	5.0989566	4.3082082	4.8286911	4.2672572	4.4854231	4.1632679	4.6985371	5.0219691	4.5343137	4.4293686	5.0652327	5.257262	5.441424	4.8736992	3.7115562	5.9005247	5.649977	4.7925798	4.4051251	4.2250727	5.2081323	4.5569896	4.2601925	5.2296297	4.377476	3.054139	4.5765542	4.9095079	3.4086497
KIF20B	3.5248994	3.217462	3.2666715	3.639057	3.9566013	3.342881	4.5434081	4.0777715	2.4747895	4.1884826	3.3914708	3.5327029	3.9044249	3.7683261	3.5860674	3.567229	2.7865755	2.8705735	3.8456366	3.8487762	4.0412187	3.5973513	2.8931656	3.4967244	3.4809306	3.7246319	3.2132493	2.2333373	3.3949292	4.1236292	3.8296103	3.5147941	3.7778529	3.3647583	3.3918135	3.4876688	3.4230256	3.8785175	1.6422925	3.3664595	3.4286335	3.3883924	3.4139986	3.2014868	3.9114151	4.1737864	2.3963947	2.5566031	2.4455388
IGFBP2	8.1999669	6.8173995	4.9959479	6.1870184	6.122515	4.6497016	6.9545164	7.2766138	6.6308639	8.1708598	6.7058808	6.0497807	7.6053547	4.3199528	6.7724332	4.3153035	7.2098838	7.8305241	6.8739261	6.7687575	4.8358788	7.0445648	7.3287652	7.1207889	4.7491094	4.8591024	4.9432775	6.110679	4.9393905	7.3720045	7.6154863	4.0483167	7.1675782	5.4000026	4.3882693	6.8446401	4.0394602	4.4160717	7.7695679	5.4293974	6.9205541	7.3267439	7.5023098	8.0778511	7.5068392	7.6855923	7.6007482	8.1228768	8.2797935
IGF1R	3.8574622	4.298414	3.949393	4.0887832	3.519847	3.727049	4.2229277	4.7209808	3.2870986	3.5051631	4.0928319	3.7734662	4.5158276	3.746317	4.1332947	3.7488545	3.5997024	4.1428042	4.2545106	3.7893022	4.624988	3.9656601	3.6981217	4.5404462	3.7422272	3.790146	2.7244034	4.3623355	4.0130768	3.3222995	3.1820779	3.3751043	3.6258054	3.8568387	3.6441186	3.5458178	3.844517	3.666148	5.0991298	4.5607273	3.9956438	4.4170959	4.2230821	4.032228	4.8318099	4.2506507	4.6803596	4.62367	4.5835084
FOLH1	3.7865773	5.1299193	3.0162221	3.5969993	4.567795	3.9836343	2.2518731	3.8449546	3.7286933	3.6711726	3.9232508	3.1118212	4.1768178	4.3834108	3.8540314	2.9734476	3.3458275	4.7810242	3.7245417	3.5822073	5.4571883	5.2896375	2.7062198	3.3414233	5.1575513	4.0001147	4.041795	5.7745714	3.8838072	3.5126945	3.1655837	4.1742702	3.1306959	3.4787633	3.8306788	3.3880916	3.4845259	3.2111331	5.1785731	5.234898	3.9749102	3.4391708	4.7207679	4.5440866	2.2077087	3.6652468	4.4391089	4.2239823	4.1554391
XBP1	9.6528726	8.7264793	10.1340632	8.5542329	9.7685304	8.8940597	8.7115394	8.8061892	9.0735112	7.5788735	8.4263988	8.3421284	9.7991578	9.2794863	9.4023969	9.3642352	9.7989497	9.251	8.6893224	8.2335757	8.4622697	9.2684834	8.8194617	9.9787982	9.0070613	8.8249148	9.0596028	8.2202671	8.6134688	8.9121899	9.1505589	9.1001825	9.0837653	8.2099671	9.4506229	7.557423	8.3407866	9.5420335	10.1430061	9.4697363	9.8157046	10.0019155	8.8241261	8.446416	9.9422179	10.1463943	10.3762321	10.1264952	10.1397853
MAGEA9	3.929953	4.1527783	5.3835027	4.0624108	3.5718473	4.1405122	3.0649716	3.1944831	4.4665603	3.6371802	4.4659119	3.99172	4.0721784	3.67384	3.1906748	4.0405409	4.5300766	4.318921	4.739667	3.1683863	4.2340894	3.8923637	4.3504948	3.0708829	3.8181591	4.3099245	3.3568954	4.5337271	3.0106229	3.552691	4.044813	3.9678727	3.6891521	4.3002236	4.3094133	3.8580345	4.6036136	3.6135483	3.6926825	4.2591902	3.9103491	3.3155817	4.3589921	4.2994943	4.9140637	4.480759	5.1759251	4.4222012	3.8072014
SPA17	5.7442833	5.7469509	5.9003727	6.3373364	5.4544483	6.4623134	5.4449243	4.5258359	5.3151868	5.5237582	6.4851048	6.967844	5.8199388	6.6701956	5.9422554	5.6313624	5.3060318	5.6076587	5.8573894	5.3496215	5.64955	6.3335462	5.72515	4.6521803	5.8814289	6.8895611	6.5863851	6.5465544	5.9162685	5.0815606	6.2294251	6.8171613	5.8443511	5.3799946	5.7955506	5.9588544	6.7665065	6.2942688	5.3209807	6.477616	5.5339833	6.1029571	5.871148	6.2557176	4.9829024	4.9777427	4.3395501	4.1971239	4.4614529
AKAP4	4.7801369	4.3708518	3.7963791	3.1953632	3.4629679	3.858812	4.0418494	4.2768747	3.5160388	3.3310405	3.0103181	3.508173	4.2957682	4.5264083	4.3096933	4.7644406	4.1647065	4.3931983	4.2020847	3.8168987	2.6107799	4.5246113	4.017978	3.8795606	3.5149795	4.9872642	5.3234325	4.499713	4.8478884	4.5884526	3.2470084	3.6936327	3.8615379	3.7721055	4.077662	4.7590523	4.2494462	3.6586745	4.3814685	4.2765472	4.522378	4.2094228	3.7098176	4.3146771	4.9522044	3.6950358	4.1148421	3.9018909	3.6377674
PTTG1	6.8077905	7.0973373	6.4432669	6.2081038	5.9133774	6.2193396	5.7658022	6.1010985	6.1423795	7.4479487	7.3567755	6.6067964	8.3409773	6.7839692	6.8760357	7.5555286	6.1891744	6.4415027	6.3806563	6.4982888	5.6747278	5.6355694	6.2403931	6.0532784	7.9148892	6.7976963	7.3575274	6.7810883	5.5442604	5.9436522	6.6951199	6.0522598	6.4210843	6.7402606	6.1752699	6.2693686	6.528019	6.1570996	5.5553006	6.1393224	6.4246552	6.8728936	6.4686458	5.7481577	3.952736	3.3141118	5.1304346	4.3005993	4.3149758
HSP90B1	7.3862245	6.6883936	7.6272047	5.5450752	6.6256123	7.3190299	6.5839855	5.7852309	6.8051821	6.4282234	6.948613	6.1526836	7.3162692	6.0789843	6.1440681	6.730946	6.6813804	6.8750773	6.6855908	6.8293414	5.7808805	5.99643	7.1785029	5.8502113	5.6960109	5.2809966	4.8639538	6.9274553	5.2238599	5.3946509	7.8114718	5.8572222	6.7873226	7.1865075	6.5428427	6.0874853	6.4930369	7.0565334	4.5612974	6.4940684	6.5157315	7.2120649	6.9499283	6.7898711	5.8428756	6.0465491	5.5187904	5.2780683	5.8256832
NRP1	4.5625093	4.9485842	4.6669705	3.8515727	5.2082433	4.9316418	4.8923299	4.7867719	9.0130865	3.6999616	4.4047903	4.7369409	3.3600811	4.7209364	4.637611	4.3880997	4.546078	4.3481659	5.0811126	5.1151251	3.7151773	4.1682895	4.955996	5.241261	4.9320141	4.1141231	3.9637233	4.4299142	4.4651	4.1056634	5.1155118	2.2058637	4.8283406	5.120696	4.7072253	4.7838196	3.9781331	4.6404529	4.3702023	3.7011386	3.279234	4.4062904	3.6407388	4.7476333	3.6699586	4.4063863	4.3705335	3.463347	4.7136884
CHI3L1	6.2771206	3.9659951	3.4257625	3.8562633	3.8065692	3.4987694	2.7426409	3.2529392	4.221175	3.7694307	3.0473625	3.7277451	3.9658543	3.1478281	3.7352833	3.3829703	3.6851927	3.7184374	3.8448116	3.699397	4.1519037	3.8032733	3.7498329	3.3562495	3.2285548	3.5527631	3.9267673	3.9262298	3.362743	4.3652281	4.633774	4.0396841	3.9478395	3.327489	4.2052769	3.8410816	3.2676865	3.808604	3.6614088	3.7415997	3.0346432	3.8705253	3.7730812	3.6067003	3.3546528	3.2672196	4.8086089	3.3111417	3.4295748
JUP	4.73958	5.2710263	4.0337473	5.6106474	5.8702221	4.294275	4.2098786	4.717513	4.6298616	4.9146414	4.5260276	4.6547126	4.3329394	4.7324394	4.1082526	4.0269543	4.7459261	4.4807869	4.3432081	4.6319659	4.6480732	4.2788398	4.6082743	4.3817512	4.9358188	4.3162846	4.4235434	3.742806	5.177182	4.348769	4.5595128	5.4946185	4.5095353	5.3388858	4.4863657	4.9522882	5.1717049	4.8470197	3.7147465	4.3059996	4.5431688	4.3366536	4.2227766	4.5982104	3.9932929	4.6111853	4.8840523	3.5472277	5.0017982
ITGB8	2.6495278	3.2448091	5.8813792	5.6997732	4.0682836	4.3047708	3.3907326	3.2413091	4.3504536	3.7857912	2.8265775	6.7026269	2.6422021	6.5397049	3.6106891	2.9893105	5.4215825	3.7944418	5.9622341	4.6421505	1.878136	3.0468543	5.5895088	2.6796753	6.7184938	3.4672707	3.3858174	3.4313153	3.2301094	2.1125739	6.2415987	6.4954924	3.8507362	4.1045013	5.6777247	4.7026615	3.2944196	5.2370698	4.4212937	3.5087557	3.2740985	2.3136166	2.7705441	5.6163944	1.5110401	5.8120268	2.8660158	4.154286	3.4722965
SILV	3.9416375	3.9815058	4.7595347	4.06457	4.288531	3.9244251	4.0258064	3.8482709	4.3814855	4.0975641	4.0483523	3.5642924	4.422866	4.3585171	4.0466871	3.6072283	3.9139207	3.6118729	4.3513352	4.0483898	4.1442338	3.5835584	3.9186102	4.0278411	3.4040558	4.1296447	3.8737057	4.3916767	3.7947492	3.7154259	3.8714866	3.5461309	3.9800768	3.8362775	4.0750013	4.1467015	3.7636046	4.3869389	3.8847044	4.2402004	3.7507617	4.5642078	4.3790812	4.369238	4.1569483	4.6689877	4.9248255	5.0312818	4.2810353
PRAME	3.2979859	3.6876508	5.0101328	4.3307611	3.9530542	3.7871875	3.4764979	3.3937323	3.2743077	3.6112491	3.2173423	4.7421878	4.1317214	4.5950792	4.1824767	3.1110672	4.4477437	3.3926292	4.4509815	3.0390194	3.0666886	4.1685457	4.8379747	4.0132489	3.9913878	3.0919483	3.2584314	4.6006522	3.2882953	2.7679349	4.1012813	3.9794915	3.367727	3.1982286	3.9017749	3.5841843	3.6529985	4.7236789	3.7166158	4.1126522	3.5746838	3.8959959	3.9687539	4.3329219	4.5152032	4.3038602	4.9443365	4.6486395	4.5014972
MUC1	4.2305476	3.4721866	5.0811376	5.8838245	3.9851667	4.1614569	4.531113	3.7831779	4.3087321	4.3757788	4.5109146	3.6798681	4.1033043	4.0798714	4.6979134	4.5776905	4.2724417	4.784984	3.5554022	4.0718732	4.3359731	4.7379767	4.6930488	4.6993466	4.1016906	4.300087	4.5010745	4.6349757	4.0967428	3.7263989	4.5492759	3.9745098	4.1140053	3.2741979	3.7912037	3.8483391	4.4259969	4.5278476	5.1804345	4.6135291	4.5695208	4.4767792	4.3171513	4.7633254	5.8167394	5.8937694	5.3229523	5.6178247	5.9901906